1	999,audio/bgm_stage01.mp3
1	998,STAGE 1
2000	997, 
100	1,0.8,-1
400	1,0.8,-1
400	1,0.8,-1
400	1,0.8,-1
400	1,0.8,-1
400	1,0.8,-1
400	1,0.8,-1
1000	1,0.0,-1
400	1,0.0,-1
400	1,0.0,-1
400	1,0.0,-1
400	1,0.0,-1
400	1,0.0,-1
400	1,0.0,-1
1000	1,-0.8,-1
400	1,-0.8,-1
400	1,-0.8,-1
400	1,-0.8,-1
400	1,-0.8,-1
400	1,-0.8,-1
400	1,-0.8,-1
1000	1,0.8,-1
400	2,0.8,-1
400	2,0.8,-1
400	2,0.8,-1
400	2,0.8,-1
400	2,0.8,-1
400	2,0.8,-1
1000	1,0.0,-1
400	2,0.0,-1
400	3,0.0,-1
400	2,0.0,-1
400	3,0.0,-1
400	2,0.0,-1
400	3,0.0,-1
1000	3,-0.8,-1
400	3,-0.8,-1
400	3,-0.8,-1
400	3,-0.8,-1
400	3,-0.8,-1
400	3,-0.8,-1
400	3,-0.8,-1
1000	1,0.4,-1
400	1,0.7,-1
400	1,0.2,-1
400	1,0.3,-1
400	1,0.8,-1
400	1,-0.8,-1
400	1,0.2,-1
1000	1,0.0,-1
400	1,-0.4,-1
400	1,-0.6,-1
400	1,-0.4,-1
400	1,-0.6,-1
400	1,0.0,-1
400	1,0.2,-1
1000	1,-0.8,-1
400	1,-0.2,-1
400	1,-0.3,-1
400	1,-0.4,-1
400	1,-0.5,-1
400	1,-0.1,-1
400	1,-0.3,-1
1000	1,0.1,-1
400	2,-0.7,-1
400	2,0.2,-1
400	2,-0.1,-1
400	2,0.1,-1
400	2,-0.3,-1
400	2,0.8,-1
1000	1,0.0,-1
400	2,0.0,-1
400	3,0.3,-1
400	2,-0.3,-1
400	3,0.2,-1
400	2,0.0,-1
400	3,-0.9,-1
1000	3,-0.8,-1
400	3,-0.4,-1
400	3,0.8,-1
400	3,-0.2,-1
400	3,0.8,-1
400	3,0.1,-1
400	3,-0.3,-1
3000	999,audio/bgm_warning.mp3
1	998,WARNING!
500	997, 
500	998,WARNING!
500	997, 
500	998,WARNING!
500	997, 
500	998,WARNING!
500	997, 
1	999,audio/bgm_stage01_boss.mp3
1000	7,0,-1